<?xml version="1.0"?>
<opencv_storage>
<calibration_time>"Mon 12 Jun 2017 06:36:43 PM EDT"</calibration_time>
<nr_of_frames>25</nr_of_frames>
<image_width>1920</image_width>
<image_height>1080</image_height>
<board_width>7</board_width>
<board_height>7</board_height>
<square_size>50.</square_size>
<fix_aspect_ratio>1.</fix_aspect_ratio>
<!-- flags: +fix_aspectRatio +fix_principal_point +zero_tangent_dist +fix_k4 +fix_k5 -->
<flags>6158</flags>
<fisheye_model>0</fisheye_model>
<camera_matrix type_id="opencv-matrix">
  <rows>3</rows>
  <cols>3</cols>
  <dt>d</dt>
  <data>
    2.1014779845139760e+03 0. 960. 0. 2.1014779845139760e+03 540. 0. 0.
    1.</data></camera_matrix>
<distortion_coefficients type_id="opencv-matrix">
  <rows>5</rows>
  <cols>1</cols>
  <dt>d</dt>
  <data>
    5.9487317157774507e-02 2.2769885848587363e+00 0. 0.
    -1.1878402144577082e+01</data></distortion_coefficients>
<avg_reprojection_error>4.5990628409897516e-01</avg_reprojection_error>
<per_view_reprojection_errors type_id="opencv-matrix">
  <rows>25</rows>
  <cols>1</cols>
  <dt>f</dt>
  <data>
    5.93335390e-01 3.24169129e-01 3.39920014e-01 4.18539315e-01
    3.69884729e-01 5.34373701e-01 3.66610110e-01 4.41199780e-01
    7.98175275e-01 5.96300006e-01 2.81062096e-01 3.23810875e-01
    3.29689503e-01 4.24274504e-01 2.92964458e-01 4.73433077e-01
    3.25848043e-01 3.85589182e-01 2.32307926e-01 3.03792536e-01
    4.48758602e-01 2.80323625e-01 4.75469261e-01 8.93540084e-01
    5.54815352e-01</data></per_view_reprojection_errors>
<!-- a set of 6-tuples (rotation vector + translation vector) for each view -->
<extrinsic_parameters type_id="opencv-matrix">
  <rows>25</rows>
  <cols>6</cols>
  <dt>d</dt>
  <data>
    1.2629060016725888e-01 3.7651286010136970e-01 1.8096520970747001e-01
    -1.1283425609681602e+02 -1.7356696697211879e+02
    9.3110555821129117e+02 1.3334127140929136e-01 3.8354436980597589e-01
    1.5868215433931268e-01 -1.1729551497837890e+02
    -1.7386976742522111e+02 9.5403237565522068e+02
    1.2642574796714623e-01 3.7979304356689059e-01 1.4005967773632352e-01
    -1.2599935936527594e+02 -1.7454217422622997e+02
    9.7929709633658820e+02 1.0769228318575130e-01 3.8426395621330461e-01
    1.2198623608010684e-01 -1.3673358302141844e+02
    -1.7076195583998185e+02 1.0007441604903735e+03
    1.0349175133128521e-01 3.8612849046786651e-01 1.1767343872632038e-01
    -1.4717250256476379e+02 -1.7164271799310836e+02
    1.0209555074582976e+03 8.6289818073725807e-02 3.9561253476801367e-01
    8.8293943609139294e-02 -1.5636715131512565e+02
    -1.4552182760308358e+02 1.0319116526818025e+03
    3.6202698276304290e-01 2.2159316645743271e-01 1.5573164612612187e+00
    1.1845048283026553e+02 -1.6235533953379283e+02
    9.6690374746775421e+02 3.4164683793970402e-01 2.5770043732359399e-01
    1.4686023227135263e+00 9.4875287150823624e+01
    -2.0007702846574551e+02 9.7585773008151943e+02
    3.1210463091039103e-01 3.0026202639156585e-01 1.3362868650616837e+00
    6.9595384100187104e+01 -1.7721919813324601e+02
    1.0157716186042355e+03 2.8299037515465725e-01 2.8103534125775920e-01
    1.2449744808915275e+00 8.0623044914225261e+01
    -1.5051129801575135e+02 1.0694707786085578e+03
    3.1113842011366655e-01 3.0396386451475815e-01 1.2345304042562320e+00
    1.0741431245461150e+02 -2.0499949842745716e+02
    1.0966703862276752e+03 2.4154569672435036e-01 3.5691563683783961e-01
    9.4387639341084550e-01 -1.4926409780265516e+01
    -2.5403948127949363e+02 1.1444587396207232e+03
    2.1329537332360521e-01 3.9935982654376295e-01 8.3341024762362070e-01
    -3.4355899396942000e+01 -2.1253899870751721e+02
    1.1939123798083745e+03 2.0050815278774503e-01 4.2565683791609638e-01
    7.1919950666076238e-01 -4.7121073140976009e+01
    -1.4466672492874153e+02 1.2393267368210143e+03
    2.0038638284767876e-01 4.2898543636307662e-01 6.4736789741911949e-01
    -3.5073772830792066e+01 -1.6531856868050397e+02
    1.2776280528990033e+03 2.2808774802464735e-01 4.2834918108646364e-01
    6.8470409664440435e-01 3.6228915970417308e+00
    -1.9146678981861160e+02 1.2932871679152731e+03
    1.8998615819151102e-01 4.6932099523330817e-01 5.6340491511756885e-01
    -4.9184754781527937e+00 -2.6028767715983321e+02
    1.3409880444047440e+03 1.5042340934358669e-01 4.7808448143885329e-01
    4.0820397213107823e-01 -1.1551249912740184e+02
    -2.2004498216705821e+02 1.3589181154492446e+03
    1.5868126432688323e-01 4.7802332742860443e-01 3.0127498924649970e-01
    -1.3613604778370433e+02 -2.2459964217168218e+02
    1.3855569536291307e+03 1.3801555250936978e-01 4.7018773075903175e-01
    1.8356412954533491e-01 -1.8910546356878996e+02
    -1.9899869751782964e+02 1.3776745690968953e+03
    1.8157747104154776e-01 4.7345585916729926e-01 1.5653403554158682e-01
    -1.8279963661553847e+02 -2.5646662155626984e+02
    1.3686544796130236e+03 1.6672419212630124e-01 4.7713036610478932e-01
    2.6468721095728726e-01 -1.7288239092549574e+02
    -2.9306350126181343e+02 1.3387274022772679e+03
    1.8989732588469832e-01 4.6616220511105699e-01 3.3013540417322018e-01
    -1.1738878345305859e+02 -2.3971735563744710e+02
    1.3681211733247458e+03 1.3766095444447440e-01 2.9862406369972544e-01
    1.0239617000000094e+00 -3.6052575431535310e+01
    -2.4633377493084083e+02 1.1939458336520227e+03
    9.9094818450872063e-02 1.7422798582457186e-01 1.2423224063776097e+00
    -2.9794419117583150e+01 -2.3192565803657664e+02
    1.1292742600140875e+03</data></extrinsic_parameters>
